7338729647 3479269495 6496525224 5667868634 7857597835 5992434995 5759374855 5982443983 5835239339 5427623278
8570080089 4700000007 8900000966 9000000065 0000000087 0009980008 0000599009 0006667007 9077350890 7648745500
0891191200 9031112470 0031112000 0421112500 2223432300 1120004350 1125000340 2219000550 0289694003 9859857832
3003303311 0463334581 2242223111 1532223611 3334543411 2231115461 2247211451 3450532661 3700006114 0000099943
4114414422 1574445692 3353334222 2643334722 4445654522 3342226572 3358322562 4561654872 4811240535 1111200064
5225525644 2685556804 4464445444 3754445833 5556765633 4453337683 4469433673 5672765983 5922351646 2222311175
6336636755 3796667915 5575557665 4865569064 6667890085 5575560006 5690658007 7905978006 7054463978 4443422286
8680090086 6000000056 9000000096 9000000485 0000005296 0000005217 0007000318 0049000549 0476808000 6654645600
9791202197 8211222289 0311111300 0311111800 2211116500 1111116460 1129211450 1160321670 1599029122 7766866711
0003313400 0743333500 2522222533 1422222911 3322227611 2233327571 2350422561 3505643881 5000450333 0000098922
1114424511 1854444611 3633334754 2533334032 4433339832 3344438682 3461533672 4616754992 6111684654 1111200043
2225535622 2965555722 4744445865 3644457353 5544460074 4455560005 4572658006 5727867005 7222796986 2222311154
4446646733 4086666833 6965556976 4755568464 6655682185 5567904216 5696000317 6840000637 8346000008 3334655586
5680000064 6400000085 9000000008 9000000996 0000006396 0000046327 0000421428 0093211748 0767111119 5545766697
6791111286 8611111208 0311112460 0311112000 2211118700 1111157570 1222532560 1205322880 1989222360 6656877800
7903222397 9833222319 1422223571 1422223111 3322229811 2222268681 2333643671 3548533991 4000643471 9000098911
0034333500 0064333550 4743334693 2533346432 4433350053 3333390004 3444768005 4659647005 6211879004 0211200053
1145444611 1175444772 5854445805 3644457654 5544572164 4445704215 4568000316 5770000416 7335000315 1323543264
2256555722 2286555883 6965556916 4755568765 6655683275 5556815326 5679111427 6881111527 8446111426 2434654375
3478679064 4508790005 8098900068 6989000096 7890008596 7900057437 9000532538 0005322638 0978222537 4645765486
4600000275 6960004338 0600042300 0000421400 0004219800 0042168680 0421643670 3326433760 2099333659 6866876597
6821111386 8081115449 2821153411 1111544721 1115340042 1153290003 1532768004 4559647005 4400756000 8000098900
7932222509 9192226670 3932264533 2222655832 2226562153 2265604214 2656000315 5670000416 5524000521 9112400021
0064333620 0704337792 6064375644 4443766943 3337673264 3376715325 3767111426 6781111527 7735111632 0323511132
1175444842 1815448904 7175487976 5554878064 4448785485 4487826436 4878222537 7892222638 8846222743 1434622243
2286568073 2926680056 8287800008 6678000596 5680009696 6800068547 8000643648 0006433749 0088333854 4755733354
4500000284 5090004278 0900043350 0000434000 0004230000 0042190000 0421768000 2217547000 1199446008 5866845686
5722111395 7302115389 2032154461 2221545111 1115452111 1154504211 1545000311 3450000411 3500000319 7000098897
6833222609 8413226600 3143265694 3332656222 2226563222 2265615322 2656111422 4561111533 4611234760 8111200000
7944333720 9524337833 4254376806 4443767444 3337674333 3376726433 3767222533 5672222644 5722345871 9222311111
0065444831 0945448944 6465487917 5554878555 4448785444 4487837544 4878333644 6783333755 7933456982 0433422222
2286568062 2066680085 8687800048 6678000976 5680009655 6800079655 8000755865 0007546097 0075569004 3754534554
3397679284 3177791309 9798912500 7789124000 6791240000 7912400000 9124000000 1120000700 1199000437 4866877765
4600000507 6700005630 0000054622 0000545111 0005451111 0054511111 0545111111 3453211811 3500421548 6000098876
5711111618 7811116741 1111165733 1111656222 1116562222 1165622222 1656222222 4564322922 4611655869 7111200097
6822222729 8922227852 2222276844 2222767333 2227673333 2276733333 2767334443 5675435075 5722768000 8222312400
0053333840 0053338974 5543387955 3333878444 3338784444 3387844444 3878445554 6786546186 6833879111 9333423511
1164457082 1164570006 6655700097 4457000865 4570009655 5700009655 7000000865 0000000597 0088000422 0755766722
2275568193 2275681239 7766812400 5568124000 5681130000 6811130000 8111124000 1111112900 1199111655 1866877833
3386679306 3386792460 8877923522 6679235111 6792241111 7922241111 9222236221 2344324021 3500533876 3000098944
4600000517 6900006671 0000065633 0000656222 0006452222 0064352222 0643347332 4555436353 4611768008 4111200086
6821111628 8021117782 2221176744 1111767333 1117563333 1175463333 1754458443 5666547464 5722879119 5222311197
7932222739 9132228893 3332287855 2222878444 2228674444 2286574444 2865569554 6777669686 6833990450 6333433400
0053346080 0553460006 5544600097 3346000865 3460009655 4600009655 6000000865 0000000997 0088004661 9655765511
1164457191 1664571239 6655712400 4457124000 4571130000 5711130000 7111125000 1111114000 2299117005 0866877843
2275568304 2775682460 7766823522 5568235111 5682241111 6822241111 8222236111 2344325111 4600538116 2000098954
3386679415 3886793571 8877934633 6679346222 6793352222 7933352222 9333347222 3455447322 5711770537 3111200075
5700000626 7000007782 0000076744 0000767333 0007563333 0075463333 0754458333 5666558433 6822881648 4222311186
6811111737 8111118893 1111187855 1111878444 1118674444 1186574444 1865569444 6777669544 7933992759 5333422297
7922235079 9222350005 2223500097 2235000865 2350009655 3500009655 5000000865 0000000097 0088008000 8655755600
0043346190 0643461249 4434612400 3346124000 3461130000 4611130000 6111124000 1111112400 1199119233 9766866711
1154457303 1754572470 5545723522 4457235111 4572241111 5722241111 7222235111 2344334611 4600540444 0000098922
2265568414 2865683581 6656834633 5568346222 5683352222 6833352222 8333346222 3455445722 5711774765 1111200043
3376679525 3976794692 7767945744 6679457333 6794463333 7944463333 9444457333 4566556833 6822885876 2222311154
5700000847 7000008904 0000087966 0000878444 0008674444 0086574444 0865568444 6777667944 7933996987 3333422265
6811124078 8111240045 1112400097 1124000865 1240009655 2400009655 4000000865 0000000086 0088000009 6655766697
7922235189 9222351278 2223512400 2235124000 2351130000 3511130000 5111124000 1111112400 1199111360 7766877800
0043346400 0643462500 4434623633 3346235111 3462241111 4622241111 6222235111 2344323511 3500532471 9000098911
1154457511 1754573611 5545734744 4457346222 4573352222 5733352222 7333346222 3455434622 5711766792 0211200032
2265568622 2865684722 6656845855 5568457333 5684463333 6844463333 8444457333 4566545844 6822877904 1322311254
3376679733 3976795833 7767956966 6679568444 6795574444 7955574444 9555569554 5677669075 7933990035 2433434575
5700000064 7000000074 0000000097 0000000865 0000009655 0000009655 0000000865 0000000386 0088004246 5755766686
6811111286 8111111308 1111112500 1111124000 1111130000 1111130000 1111124000 1111112700 1199115479 6866877797
7922222397 9222222419 2222223611 2222235111 2222241111 2222241111 2222235111 2344323933 3500537800 8000099000
0043333500 0643333650 4433334733 3333346222 3333352222 3333352222 3333347332 3455447064 4611770031 9111200421
1154444611 1754444761 5544445844 4444457333 4444463333 4444463333 4444458443 4566558175 6822881142 0322311532
2265555722 2865555872 6655556955 5555568444 5555574444 5555574444 5555569554 5677669286 7933992253 1433422643
3376679064 3976790004 7767900097 6679000865 6790009655 7900009655 9000000865 0000000597 0088006464 4755754754
5700000275 7000004337 0000043400 0000434000 0004230000 0042130000 0421124000 2211112900 1199117697 5866865865
6811111386 8111115448 1111154511 1111545111 1115341111 1153241111 1532236221 3444336053 3500540000 7000099009
7922222497 9222226559 2222265622 2222656222 2226452222 2264352222 2643347332 4555447164 4611773222 8111200220
0043333600 0643337790 4433376744 3333767333 3337563333 3375463333 3754458443 5666558275 5722884333 9222311331
1154444822 1754448902 5544487966 4444878444 4448674444 4486574444 4865569554 6777669386 7933995444 0433422442
2265568053 2865680043 6656800097 5568000865 5680009655 6800009655 8000000865 0000000697 0088009655 3755754553
3376679164 3976791276 7767912400 6679124000 6791130000 7911130000 9111125000 1111125000 1199120009 4866877985
5700000375 7000005487 0000054511 0000545111 0005341111 0053241111 0532236111 3444336122 3500542340 6000099008
6811111486 8111116598 1111165622 1111656222 1116452222 1164352222 1643347222 4555447233 4611775551 7111200219
7922222700 9222227800 2222276855 2222767333 2227563333 2275463333 2754458333 5666558344 5722886673 8222311330
0043333811 0643338911 4433387966 3333878444 3338674444 3386574444 3865569444 6777669455 6833997784 9333422441
1154457042 1754570052 5545700097 4457000865 4570009655 5700009655 7000000865 0000000097 0088000006 0755766873
2265568153 2865681285 6656812400 5568124000 5681130000 6811130000 8111124000 1111112400 1199111239 1866877984
3376679264 3976792396 7767923511 6679235111 6792241111 7922241111 9222235111 2344323522 3500533570 3000099007
5700000586 7000006608 0000065733 0000656222 0006452222 0064352222 0643346222 4555434633 4611766781 4111200218
6811111697 8111117719 1111176844 1111767333 1117563333 1175463333 1754457333 5666545744 5722877892 5222311329
7922222800 9222228950 2222287966 2222878444 2228674444 2286574444 2865569554 6777669086 6833990005 6333434760
0043346031 0643460091 4434600097 3346000865 3460009655 4600009655 6000000865 0000000397 0088004216 9655766871
1154457253 1754571305 5545712500 4457124000 4571130000 5711130000 7111124000 1111112700 2299115449 0866877982
2265568364 2865682416 6656823611 5568235111 5682241111 6822241111 8222235111 2344323822 4600537780 2000099005
3376679475 3976793527 7767934722 6679346222 6793352222 7933352222 9333347332 3455447064 5711770002 3111200537
5700000686 7000007738 0000076833 0000767333 0007563333 0075463333 0754458443 5666558175 6822881113 4222311648
6811111797 8111118849 1111187944 1111878444 1118674444 1186574444 1865569554 6777669286 7933992224 5333422759
7922235000 9222350000 2223500097 2235000865 2350009655 3500009655 5000000865 0000000597 0088006446 8655754870
0043346111 0643461233 4434612400 3346124000 3461130000 4611130000 6111124000 1111112900 1199117679 9766865981
1154457222 1754572344 5545723511 4457235111 4572241111 5722241111 7222236221 2344336053 4600540000 0000099005
2265568333 2865683455 6656834622 5568346222 5683352222 6833352222 8333347332 3455447164 5711773211 1111200216
3376679444 3976794566 7767945733 6679457333 6794463333 7944463333 9444458443 4566558275 6822884322 2222311327
5700000655 7000008777 0000087844 0000878444 0008674444 0086574444 0865569554 6777669386 7933995433 3333422438
6811124097 8111240009 1112400086 1124000865 1240009655 2400009655 4000000865 0000000697 0088009644 6655754549
7922235200 9222351360 2223512400 2235124000 2351130000 3511130000 5111125000 1111125000 1199120009 7766877980
0043346311 0643462471 4434623511 3346235111 3462241111 4622241111 6222236111 2344336122 3500542340 9000099003
1154457422 1754573582 5545734622 4457346222 4573352222 5733352222 7333347222 3455447233 5711775551 0211200214
2265568533 2865684693 6656845733 5568457333 5684463333 6844463333 8444458333 4566558344 6822886662 1322311325
3376679755 3976795805 7767956955 6679568444 6795574444 7955574444 9555569444 5677669455 7933997773 2433422436
5700000086 7000000046 0000000086 0000000865 0000009655 0000009655 0000000755 0000000976 0088000094 5755766757
6811111197 8111111279 1111112400 1111124000 1111130000 1111130000 1111125000 1111113000 1199112408 6866877979
7922222400 9222222500 2222223633 2222235111 2222241111 2222241111 2222236111 2344324122 3500534750 8000099000
0043333511 0643333611 4433334744 3333346222 3333352222 3333352222 3333347222 3455435233 4611767961 9111200211
1154444622 1754444722 5544445855 4444457333 4444463333 4444463333 4444458333 4566547454 6822879082 0322312432
2265555733 2865555833 6655556966 5555568444 5555574444 5555574444 5555569444 5677669665 7933990293 1433434643
3376667954 3976679064 7766790097 6667900865 6679009655 6790009655 7900000865 9000000097 0088005605 4755766865
5700000086 7000000608 0000005600 0000055000 0000440000 0004230000 0042124000 0421112400 2299116838 5866877976
6811111197 8111111719 1111116711 1111166111 1111551111 1115341111 1153235111 1654335732 4600660080 7000000009
7922222300 9222222950 2222227833 2222277222 2222662222 2226452222 2264346222 2765446954 5711771203 8111111230
0043334521 0643346081 4433460064 3333400643 3333895433 3337563333 3375458443 3876558075 6822883424 9222222341
1154445632 1754457192 5544571175 4445732754 4456007544 4560995444 5709669554 7009669186 0064994535 0643333452
2265556854 2865568304 6655682397 5556843865 5568339655 5684009655 6830000865 8130000497 1188008746 1755665563
3376667965 3976679537 7766794700 6667967000 6679460000 6795130000 7941124000 9241112800 2299119979 2866776674
5700000096 7000000078 0000000031 0000000421 0000004211 0000662111 0094336221 0784336053 5700660000 4000000008
6811111300 8111111300 1111111264 1111111532 1111115322 1222773222 2407447332 3007447164 8042771111 6221111119
7922222411 9222222411 2222222375 2222222643 2222226433 2333884333 3518558443 4118558275 9153882233 7332222230
0043333522 0643333522 4433333486 3333333754 3333337544 3444995444 4629669554 6329669386 0364993344 9543333341
1154444633 1754444633 5544444597 4444444865 4445669655 4568009655 5750000865 7450000697 2588007555 0755665452
2265555744 2865555866 6655556900 5555568000 5556790000 5679130000 6861125000 8561113000 3699119898 1866776563
3376790086 3977900008 7779000042 6790000421 7900004211 9000662111 0006336111 0006336443 8000660000 4000000007
5700002197 7000042119 0000421153 0004211532 0042115322 0421773222 2217447222 1117447554 9111771111 5111111118
6811113300 8111153350 1111532275 1115322643 1153226433 1532884333 3328558333 3328558665 0322882222 7322222229
7922224411 9222264461 2222643386 2226433754 2264337544 2643995444 4439669444 4439669776 1433993344 8433333340
0043335522 0643375572 4433754497 3337544865 3376669655 3767009655 5560000865 5560000097 2557008665 9545665451
1154446744 1754486806 5544866900 4448668000 4487790000 4878130000 6671124000 6671112400 4768119898 0756776562
2265680075 2866800047 6668000031 5680000421 6800004211 8000662111 0006335111 0006335843 9000660000 3000000006
3376791186 3977911158 7779111142 6791111532 7911115322 9111773222 1117446222 2217446954 0211771111 5211111117
5700003297 7000053269 0000532253 0005322643 0053226433 0532884333 3328558443 3328558075 1322883332 6322222228
6811114500 8111164500 1111643486 1116433754 1164337544 1643995444 4439669554 4439669186 2433994443 7433333339
7922225611 9222275611 2222754597 2227544865 2276669655 2767009655 5560000865 5560000497 3557008665 8545665450
0043336722 0643386844 4433866900 3338668000 3387790000 3878130000 6671124000 6671112800 4668119898 9656776561
1154570053 1755700085 5557000031 4570000421 5700004211 7000662111 0006336221 0006336053 0000660000 0000000005
2265681164 2866811196 6668111142 5681111532 6811115322 8111773222 1117447332 1117447164 1111771111 1111111116
3376792386 3977922308 7779222364 6792222643 7922226433 9222884333 2228558443 2228558275 2222882222 2222222227
5700004497 7000064419 0000643475 0006433754 0064337544 0643995444 4439669554 3339669386 3333993333 3333333338
6811115600 8111175650 1111754597 1117544865 1176669655 1767009655 5560000865 4460000697 4457007544 4445665449
7922226711 9222286883 2222866900 2228668000 2287790000 2878130000 6671125000 5571113000 5568119898 5556776560
0043460053 0644600005 4446000042 3460000421 4600004211 5000662111 9006336111 7905336443 6790560000 6679000004
1154571164 1755711116 5557111153 4571111532 5711115322 7211773222 0427447222 0047447554 0004771111 0000211115
2265682275 2866822227 6668222264 5682222643 6822226433 8322884333 1538558333 1158558665 1115882222 1111322226
3376793386 3977933338 7779333375 6793333754 7933337544 9433995444 2649669444 2269669776 2226993333 2222433337
5700005497 7000075449 0000754486 0007544865 0076669655 0867009655 4980000865 3400000097 3460008654 3345865448
6811239900 8112400000 1124000000 1240000000 2400000000 3000550000 7004224000 5732112400 4571119887 4456976559
7922350021 9223523321 2235111111 2351111111 3511111111 4111661111 8115335111 6843235843 5683460000 5568000000
0043461132 0644634432 4446222222 3462222222 4622222222 5222772222 9226446222 7954346954 6794571111 6679111111
1154572243 1755745543 5557333333 4573333333 5733333333 7433883333 0647558443 0096458075 0008783332 0000322222
2265683354 2866856654 6668444444 5684444444 6844444444 8544994444 1869669554 1209669186 1230994443 1122533333
3376794465 3977967765 7779555555 6795555555 7956776555 9668008655 2990000865 2330000497 2354008654 2234865444
5700009897 7000000009 0000000000 0000000000 0000000000 0000550000 6004224000 4662112800 3465119887 3345976555
6811120000 8111123450 1111111122 1111111111 1111111111 1111661111 7115336221 5773236042 4577460009 4457000097
7922231111 9222234561 2222222233 2222222222 2222222222 2222772222 8226447332 6884347164 5688571240 5568111200
0043342222 0643345672 4433333344 3333333333 3333333333 3333883333 9337558443 7995458275 6799682351 6679222311
1154453333 1754456783 5544444455 4444444444 4444444444 5544994444 0869669554 0009669386 0000993462 0000533422
2265564444 2865567894 6655555566 5555555555 5556776555 6668008655 1990000865 1130000697 1124007673 1112865533
3376676776 3976679006 7766667898 6666666666 7899998766 9000220976 4004223097 3462112909 2235118895 2223976644
5700000097 7000000759 0000000000 0000000000 0000000000 0544665000 6215336500 4573236070 3347460008 3335000086
6811111200 8111111990 1111111122 1111111111 1111111111 1655776111 7326447611 5684347181 4458571119 4446111197
7922223532 9222223002 2222223454 2222222222 2222222222 2766887222 8437558833 6795458304 5569682460 5557222300
0043334643 0643334113 4433334565 3333333333 3333333333 3877998333 9659669944 7908669415 6790893571 6679433411
1154445754 1754445224 5544445676 4444444444 5677776544 7000000754 0000000065 0080000836 0007007782 0000865522
2265556865 2865556335 6655556787 5555555555 6788887655 8111111865 1111111176 1191111947 1118118893 1111976633
3376667976 3976667446 7766667898 6666666666 7899998766 9222222976 2333223397 2304335089 2340560005 2234000075
5700000000 7000000000 0000000000 0000000000 0000000000 0766667000 4544335800 3415446300 3451671238 3345111186
6811111111 8111111111 1111111111 1111111111 1111111111 1877778111 5655446911 4526557411 4562782349 4456222297
7922222222 9222222222 2222222222 2222222222 2222233322 2988890432 6766569032 5637669643 5673893580 5567333400
0043333333 0643333333 4433333333 3333333333 4566665433 5000004643 9000000343 7980000954 6797007791 6679665511
1154444444 1754444444 5544444444 4444444444 5677776544 7211115754 0532112564 0004224096 0000320003 0000988943
2265555555 2865555555 6655555555 5555555555 6788887655 8322226865 1643223786 1115335208 1112664435 1112000064
3376666666 3976666666 7766666666 6666666666 7899998766 9433337976 2754334897 2226446319 2223775546 2223111175
5700000000 7000000000 0000000000 0000000000 0000000000 0977780000 4965458000 3337558660 3334886668 3334222286
6811111111 8111111111 1111111111 1111111111 2343211111 3000991111 7009669111 5669669771 4445997779 4445333397
7922222222 9222222222 2222222222 2222222222 3455543222 4124005322 8130000643 6790000005 5569000000 5557677800
0043333333 0643333333 4433333333 3333333333 4566654333 5235116433 9352111754 7903211116 6790211111 6679888911
1154444444 1754444444 5544444444 4444444444 5677765444 7446227544 0773222865 0045322227 0005655432 0000000032
2265555555 2865555555 6655555555 5555555555 6788876555 8557338655 1884333976 1156433338 1116766543 1111111143
3376666666 3976666666 7766666666 6666666666 7899998766 9668450976 2995456097 2267545559 2227877654 2222222254
5700000000 7000000000 0000000000 0000000000 0000000000 0000995000 6009668400 4599656790 3338988776 3333333365
6811111111 8111111111 1111111111 1111111111 1112332111 1124009211 7240000932 5700000003 4570000009 4456777797
7922222222 9222222222 2222222222 2222222222 2223454322 2235120532 8351123053 6811112235 5681111240 5567888900
0043333333 0643333333 4433333333 3333333333 3334565433 3346231643 9462234164 7922223346 6793455561 6679000021
1154444444 1754444444 5544444444 4444444444 4445676544 5557342754 0883345275 0064334457 0007666672 0000211132
2265555555 2865555555 6655555555 5555555555 5556787655 6668453865 1994456386 1175445568 1118777783 1111322243
3376666666 3976666666 7766666666 6666666666 7899998766 9000664976 4009667497 3509656679 2340988894 2233533354
5700000000 7000000000 0000000000 0000000000 0000000000 0557000000 6230000000 4630000000 3464000008 3345877786
6811111111 8111111111 1111111111 1111111111 1111111111 1668111111 7341111111 5741111111 4575111119 4456988897
7922222222 9222222222 2222222222 2222222222 2222222222 2779222222 8452222222 6852222233 5687455560 5568000000
0043333333 0643333333 4433333333 3333333333 3344433333 3890433333 9574433333 7963333344 6798566671 6679111111
1154444444 1754444444 5544444444 4444444444 5676544444 7003544444 0008544444 0008544455 0000877782 0000422222
2265555555 2865555555 6655555555 5555555555 6787655555 8114655555 1119655555 1119655566 1111988893 1111533333
3376666666 3976666666 7766666666 6666666666 7899998766 9238000976 2240000097 2240000009 2235000006 2223877765
5700000000 7000000000 0000000000 0000000000 0000000000 0780545000 4462212400 3351111240 3346111128 3334988876
6811111111 8111111111 1111111111 1111111111 1111111111 1891656111 5573323511 4462222351 4458455449 4446000097
7922222222 9222222222 2222222222 2222222222 3443222222 3004767222 7906434622 5684333473 5569566680 5557111200
0043333333 0643333333 4433333333 3333333333 4554333333 5225878333 9038545733 7907544584 6790777791 6679322311
1154444444 1754444444 5544444444 4444444444 5665444444 7436989444 0459656955 0049656907 0004989004 0000534643
2265555555 2865555555 6655555555 5555555555 6788887655 8560000865 1590000086 1170000038 1128000425 1112877854
3376666666 3976666666 7766666666 6666666666 7899998766 9782111976 2702111197 2392111149 2239111536 2223988965
5700000000 7000000000 0000000000 0000000000 0000000000 0007556000 6055223500 4605322380 3460555868 3346000086
6811111111 8111111111 1111111111 1111111111 1111111111 1118667111 7166334611 5716433491 4571666979 4457111197
7922222222 9222222222 2222222222 2222222222 2222222222 2229778222 8277445833 6827545805 5682778000 5568223500
0043333333 0643333333 4433333333 3333333333 3344433333 3340989333 9399656944 7938656916 6793889111 6679334611
1154444444 1754444444 5544444444 4444444444 4456776544 5675000754 0900000075 0000000047 0000000532 0000877822
2265555555 2865555555 6655555555 5555555555 5567887655 7896111865 2021111186 2221111158 1111111643 1111988933
3376666666 3976666666 7766666666 6666666666 7899998766 9008222976 4353222297 3332222269 2223455964 2223000054
5700000000 7000000000 0000000000 0000000000 0000000000 0550767000 6575434700 4443334700 3334567008 3334112386
6811111111 8111111111 1111111111 1111111111 1111111111 1661878111 7686545811 5554445811 4445678119 4445223497
7922222222 9222222222 2222222222 2222222222 2222222222 2772989222 8797656922 6665556933 5556789350 5556334600
0043333333 0643333333 4433333333 3333333333 4555565433 6008000643 0000000053 0000000064 9000000771 7900877811
1154444444 1754444444 5544444444 4444444444 5666676544 7119111754 1111111164 2211111175 0421111882 0021988922
2265555555 2865555555 6655555555 5555555555 6788887655 8230322865 2233322386 3322223508 1533456005 1133000064
3376666666 3976666666 7766666666 6666666666 7899998766 9341433976 3344433497 4433334619 2644567116 2244111175
5700000000 7000000000 0000000000 0000000000 0000000000 0885878000 5555545800 5544445850 3755678238 3355222286
6811111111 8111111111 1111111111 1111111111 1111111111 1996989111 6666656911 6655556961 4866789349 4466333397
7922222222 9222222222 2222222222 2222222222 3455554322 5000000532 0000000053 0000000005 8000000000 6800877800
0043333333 0643333333 4433333333 3333333333 4566665433 6111111643 1111111164 1111111116 9111111111 7911988911
1154444444 1754444444 5544444444 4444444444 5677776544 7222222754 2222222275 3322222227 0533455432 0033000032
2265555555 2865555555 6655555555 5555555555 6788887655 8333333865 3333333386 4433333338 1644566543 1144111143
3376666666 3976666666 7766666666 6666666666 7899998766 9444444976 4444444497 5544444449 2755677654 2255222254
5700000000 7000000000 0000000000 0000000000 0000000000 0988889000 6655556800 6655555680 3866788776 3366333365
6811111111 8111111111 1111111111 1111111111 2344443211 4000000421 0000000042 0000000003 7000000009 5700877797
7922222222 9222222222 2222222222 2222222222 3455554322 5111111532 1111111153 1111111125 8111111240 6811988900
0043333333 0643333333 4433333333 3333333333 4566665433 6222222643 2222222264 2222222236 9223455561 7923000021
1154444444 1754444444 5544444444 4444444444 5677776544 7333333754 3333333375 4433333347 0644566672 0044111132
2265555555 2865555555 6655555555 5555555555 6788887655 8444444865 4444444486 5544444458 1755677783 1155222243
3376666666 3976666666 7766666666 6666666666 7899998766 9555555976 5555555597 6655555569 2866788894 2266333354
5700000000 7000000000 0000000000 0000000000 0000000000 0000000000 0000000000 0000000000 6000000008 4600877786
6811111111 8111111111 1111111111 1111111111 1111111111 1111111111 1111111111 1111111111 7111111119 5711988897
7922222222 9222222222 2222222222 2222222222 2222222222 2222222222 2222222222 2222222233 8223455560 6823000000
0043333333 0643333333 4433333333 3333333333 3333333333 3333333333 3333333333 3333333344 9334566671 7934111111
1154444444 1754444444 5544444444 4444444444 4444444444 4444444444 4444444444 5544444455 0755677782 0055222222
2265555555 2865555555 6655555555 5555555555 5555555555 5555555555 5555555555 6655555566 1866788893 1166333333
3376666666 3976666666 7766666666 6666666666 6666666666 6666666666 6666666666 7766789998 2977900005 2277567765
5700000000 7000000000 0000000000 0000000000 0000000000 0000000000 0000000000 0000000000 6000054448 4600988876
6811111111 8111111111 1111111111 1111111111 1111111111 1111111111 1111111111 1111111111 7112398769 5712000097
7922222222 9222222222 2222222222 2222222222 2222222222 2222222222 2222222222 2222345554 8223500000 6823234500
0043333333 0643333333 4433333333 3333333333 3333333333 3333333333 3333333333 3333456665 9334611111 7934345611
1154444444 1754444444 5544444444 4444444444 4444444444 4444444444 4444444444 5544567776 0755722222 0055456722
2265555555 2865555555 6655555555 5555555555 5555555555 5555555555 5555555555 6655678887 1866833333 1166567833
3376666666 3976666666 7766666666 6666666666 6666666666 6666666666 6666666666 7766789998 2977944444 2277678944
5700000000 7000000000 0000000000 0000000000 0000000000 0000000000 0000000000 0000000000 6000000008 4600000086
6811111111 8111111111 1111111111 1111111111 1111111111 1111111111 1111111111 1111111111 7111111119 5711111197
7922222222 9222222222 2222222222 2222222222 2222222222 2222222222 2222222222 2222222233 8222222350 6822222300
0043333333 0643333333 4433333333 3333333333 3333333333 3333333333 3333333333 3333333344 9333333461 7933333411
1154444444 1754444444 5544444444 4444444444 4444444444 4444444444 4444444444 5544444455 0754444572 0054444522
2265555555 2865555555 6655555555 5555555555 5555555555 5555555555 5555555555 6655555566 1865555683 1165555633
3376666666 3976666666 7766666666 6666666666 6666666666 6666666666 6666666666 7766666677 2976666794 2276666744
5597777777 5097777777 9987777777 7777777777 7777777777 7777777777 7777777777 9987777899 4097777906 4497777966
6800000000 8600000000 0000000000 0000000000 0000000000 0000000000 0000000000 0000000000 7600000069 5700000097
7911111111 9711111111 1111111111 1111111111 1111111111 1111111111 1111111111 1111111233 8711111300 6811111300
0042222222 0042222222 4432222222 2222222222 2222222222 2222222222 2222222222 2222222344 9822222411 7922222411
1153333333 1153333333 5543333333 3333333333 3333333333 3333333333 3333333333 5543333455 0053333522 0053333522
2264444444 2264444444 6654444444 4444444444 4444444444 4444444444 4444444444 6654444566 1164444633 1164444633
3375555555 3375555555 7765555555 5555555555 5555555555 5555555555 5555555555 7765555677 2275555744 2275555744
4486666666 4486666666 8876666666 6666666666 6666666666 6666666666 6666666666 8876666788 3386666855 3386666855
5597777777 5597777777 9987777777 7777777777 7777777777 7777777777 7777777777 9987777899 4497777966 4497777966
7900000000 9000000000 0000000000 0000000000 0000000000 0000000000 0000000000 0000000000 8000000000 6800000000
0021111111 0421111111 2211111111 1111111111 1111111111 1111111111 1111111111 1111111111 9111111111 7911111111
1132222222 1532222222 3322222222 2222222222 2222222222 2222222222 2222222222 3322222222 0532222222 0032222222
2243333333 2643333333 4433333333 3333333333 3333333333 3333333333 3333333333 4433333333 1643333333 1143333333
3354444444 3754444444 5544444444 4444444444 4444444444 4444444444 4444444444 5544444444 2754444444 2254444444
4465555555 4865555555 6655555555 5555555555 5555555555 5555555555 5555555555 6655555555 3865555555 3365555555
5576666666 5976666666 7766666666 6666666666 6666666666 6666666666 6666666666 7766666666 4976666666 4476666666
7797777777 7097777777 9987777777 7777777777 7777777777 7777777777 7777777777 9987777777 6097777777 6697777777
0000000000 0900000000 0000000000 0000000000 0000000000 0000000000 0000000000 0000000000 9600000000 7900000000
2221111111 2021111111 2221111111 1111111111 1111111111 1111111111 1111111111 3321111111 0031111111 0031111111
3332222222 3132222222 3332222222 2222222222 2222222222 2222222222 2222222222 4432222222 1142222222 1142222222
4443333333 4243333333 4443333333 3333333333 3333333333 3333333333 3333333333 5543333333 2253333333 2253333333
5554444444 5354444444 5554444444 4444444444 4444444444 4444444444 4444444444 6654444444 3364444444 3364444444
6665555555 6465555555 6665555555 5555555555 5555555555 5555555555 5555555555 7765555555 4475555555 4475555555
7776666666 7576666666 7776666666 6666666666 6666666666 6666666666 6666666666 8876666666 5586666666 5586666666
8887777777 8687777777 8887777777 7777777777 7777777777 7777777777 7777777777 9987777777 6697777777 6697777777
0000000000 0000000000 0000000000 0000000000 0000000000 0000000000 0000000000 0000000000 0000000000 0000000000
